%YAML:1.0
---
INTRINSIC: !!opencv-matrix
   rows: 4
   cols: 4
   dt: d
   data: [ -7.7722453991554861e-03, 9.2703668957168996e-18, 0., 0.,
       -2.4191266019254989e-16, -2.1682373744434247e-12, 0., 0.,
       2.9303109012281988e-15, 2.8066441751288974e-16, 0., 0., 0.,
       7.8125000000000000e-03, 0., 0. ]
