%YAML:1.0
---
INTRINSIC: !!opencv-matrix
   rows: 4
   cols: 4
   dt: d
   data: [ 0., 0., 0., 0., 0., 0., 0., 0., 2.9296870343387127e-04, 0.,
       0., 0., 0., 7.8125000000000000e-03, 0., 0. ]
