%YAML:1.0
---
INTRINSIC: !!opencv-matrix
   rows: 4
   cols: 4
   dt: d
   data: [ -6.9808981791652517e-07, 3.0517599771883396e-05, 0., 0.,
       1.1920933100824371e-09, -6.5803547011356048e-08, 0., 0.,
       -2.3345960399154819e-06, 1.1920928658960827e-09, 0., 0., 0.,
       7.8125000000000000e-03, 0., 0. ]
